128 32 1 0.034136 0.034574 0.026446 0.024495
128 32 1 0.032870 0.034816 0.026484 0.024171
128 32 1 0.033193 0.034318 0.026526 0.025059
128 32 2 0.033229 0.017085 0.026704 0.014340
128 32 2 0.033772 0.017368 0.026585 0.013209
128 32 2 0.033169 0.017026 0.026314 0.014576
128 32 4 0.032546 0.017319 0.034858 0.013871
128 32 4 0.033087 0.020640 0.030950 0.013792
128 32 4 0.033816 0.016852 0.028225 0.018778
128 32 8 0.032363 0.014075 0.038547 0.007626
128 32 8 0.034476 0.008460 0.031663 0.007640
128 32 8 0.033699 0.009516 0.028621 0.007908
128 32 12 0.037341 0.006957 0.030630 0.011002
128 32 12 0.033617 0.017928 0.034989 0.014377
128 32 12 0.035568 0.006869 0.030436 0.005702
128 64 1 0.070427 0.069483 0.051499 0.047078
128 64 1 0.065503 0.067436 0.060146 0.051955
128 64 1 0.074688 0.075522 0.058749 0.056205
128 64 2 0.069775 0.040654 0.056216 0.027511
128 64 2 0.068025 0.036743 0.053898 0.026105
128 64 2 0.066945 0.036900 0.058184 0.028038
128 64 4 0.073232 0.027459 0.053243 0.024822
128 64 4 0.070606 0.025364 0.053497 0.022587
128 64 4 0.070865 0.032873 0.056521 0.022572
128 64 8 0.066427 0.025327 0.056137 0.014975
128 64 8 0.069875 0.017918 0.056607 0.015839
128 64 8 0.069910 0.017355 0.060415 0.015600
128 64 12 0.071681 0.019139 0.059462 0.015318
128 64 12 0.074308 0.025462 0.059405 0.014841
128 64 12 0.069084 0.035981 0.055630 0.013546
128 128 1 0.136191 0.144739 0.110389 0.094915
128 128 1 0.154341 0.135598 0.104166 0.094919
128 128 1 0.140823 0.144065 0.105931 0.098798
128 128 2 0.141701 0.076754 0.114731 0.061368
128 128 2 0.142317 0.071368 0.109473 0.055766
128 128 2 0.134714 0.079966 0.116824 0.055176
128 128 4 0.134516 0.056755 0.110866 0.043590
128 128 4 0.134765 0.055425 0.109743 0.042005
128 128 4 0.147037 0.060250 0.110597 0.043005
128 128 8 0.137312 0.046500 0.109755 0.028789
128 128 8 0.145351 0.064166 0.115434 0.026548
128 128 8 0.140616 0.041627 0.110629 0.031238
128 128 12 0.140647 0.043110 0.116826 0.027541
128 128 12 0.145236 0.035246 0.127180 0.028056
128 128 12 0.136729 0.040781 0.125440 0.028996
128 512 1 0.552099 0.554261 0.449233 0.397875
128 512 1 0.542018 0.538168 0.413075 0.400422
128 512 1 0.546168 0.543675 0.436600 0.386517
128 512 2 0.537891 0.284550 0.415428 0.205573
128 512 2 0.536558 0.279794 0.416795 0.204819
128 512 2 0.544563 0.286992 0.413913 0.202259
128 512 4 0.540865 0.208408 0.423967 0.150947
128 512 4 0.543704 0.206040 0.424728 0.179543
128 512 4 0.549261 0.216779 0.418308 0.165536
128 512 8 0.544586 0.152166 0.425859 0.115462
128 512 8 0.551485 0.172589 0.432141 0.112658
128 512 8 0.550582 0.158367 0.438478 0.116408
128 512 12 0.550133 0.138156 0.434813 0.103611
128 512 12 0.556818 0.134757 0.441613 0.101916
128 512 12 0.553280 0.139687 0.440402 0.104229
256 32 1 0.145629 0.147675 0.113540 0.098381
256 32 1 0.141354 0.140239 0.110251 0.098236
256 32 1 0.138965 0.141543 0.110246 0.100130
256 32 2 0.134246 0.071391 0.107035 0.055302
256 32 2 0.135938 0.072914 0.110070 0.053932
256 32 2 0.140580 0.071804 0.108345 0.053581
256 32 4 0.137362 0.059414 0.111789 0.052801
256 32 4 0.139409 0.056229 0.112636 0.051624
256 32 4 0.138597 0.056360 0.111284 0.050546
256 32 8 0.135852 0.043389 0.113684 0.033023
256 32 8 0.137379 0.043957 0.114953 0.039744
256 32 8 0.139923 0.041720 0.117325 0.031633
256 32 12 0.142162 0.043325 0.114269 0.027942
256 32 12 0.139990 0.040807 0.116933 0.031638
256 32 12 0.140636 0.042199 0.117944 0.032965
256 64 1 0.280635 0.279523 0.212368 0.199687
256 64 1 0.273696 0.275535 0.213508 0.198764
256 64 1 0.271249 0.280695 0.209488 0.199165
256 64 2 0.271996 0.144606 0.213953 0.104378
256 64 2 0.281826 0.149313 0.212758 0.105512
256 64 2 0.280788 0.147166 0.213625 0.103312
256 64 4 0.275832 0.109523 0.208718 0.085732
256 64 4 0.272804 0.113347 0.228598 0.085447
256 64 4 0.287326 0.106005 0.219168 0.091048
256 64 8 0.278490 0.085383 0.215593 0.061975
256 64 8 0.282219 0.082382 0.213712 0.064686
256 64 8 0.286965 0.076465 0.217426 0.059511
256 64 12 0.275528 0.067170 0.222774 0.050614
256 64 12 0.277767 0.076262 0.214636 0.050568
256 64 12 0.276488 0.072157 0.219666 0.053162
256 128 1 0.578927 0.577239 0.436159 0.390169
256 128 1 0.560865 0.585405 0.426559 0.403440
256 128 1 0.565633 0.591895 0.429591 0.403323
256 128 2 0.553387 0.297444 0.438113 0.234321
256 128 2 0.578893 0.300846 0.433721 0.207439
256 128 2 0.557429 0.335142 0.460426 0.234612
256 128 4 0.571550 0.218035 0.452404 0.159795
256 128 4 0.576259 0.236723 0.440812 0.156038
256 128 4 0.602218 0.274627 0.449715 0.173783
256 128 8 0.550633 0.161407 0.437671 0.118553
256 128 8 0.572194 0.147284 0.442975 0.110964
256 128 8 0.563874 0.157402 0.437959 0.110577
256 128 12 0.554866 0.141053 0.433459 0.094665
256 128 12 0.559386 0.136340 0.430536 0.100755
256 128 12 0.558135 0.130781 0.427555 0.089523
256 512 1 2.252619 2.244324 1.680850 1.614816
256 512 1 2.219298 2.241805 1.686406 1.621809
256 512 1 2.272233 2.251546 1.732932 1.616364
256 512 2 2.331995 1.320288 1.828584 0.868020
256 512 2 2.364874 1.226099 1.831271 0.962524
256 512 2 2.337649 1.178327 1.869076 0.955079
256 512 4 2.322346 0.848304 1.762448 0.745568
256 512 4 2.298286 0.950158 1.742846 0.625809
256 512 4 2.239395 0.836991 1.730274 0.621617
256 512 8 2.225398 0.633368 1.723508 0.476868
256 512 8 2.244525 0.599780 1.746219 0.449226
256 512 8 2.474298 0.651016 1.890514 0.474714
256 512 12 2.568151 0.687568 2.065735 0.543845
256 512 12 2.655262 0.613438 2.109827 0.445834
256 512 12 2.871471 0.618069 2.323332 0.483739
512 32 1 0.666462 0.677076 0.477499 0.438612
512 32 1 0.611908 0.635531 0.508265 0.457126
512 32 1 0.644706 0.665272 0.477515 0.486956
512 32 2 0.656603 0.375969 0.529466 0.294187
512 32 2 0.598152 0.377921 0.505980 0.303698
512 32 2 0.658674 0.371984 0.616659 0.313905
512 32 4 0.646151 0.263840 0.507916 0.207934
512 32 4 0.649112 0.224507 0.494640 0.208945
512 32 4 0.679170 0.303556 0.547246 0.214548
512 32 8 0.736916 0.178096 0.572628 0.149217
512 32 8 0.723885 0.177716 0.502868 0.133830
512 32 8 0.623907 0.167763 0.533160 0.141663
512 32 12 0.628632 0.160021 0.513424 0.137812
512 32 12 0.719461 0.242731 0.576911 0.149747
512 32 12 0.778249 0.171899 0.561181 0.159323
512 64 1 1.429196 1.443323 1.068724 1.098864
512 64 1 1.389880 1.357229 1.096625 1.119865
512 64 1 1.618833 1.564660 1.128063 1.128172
512 64 2 1.185880 0.675100 0.933046 0.575195
512 64 2 1.188962 0.658619 0.927442 0.555231
512 64 2 1.187347 0.684138 0.925867 0.586090
512 64 4 1.186218 0.445374 0.925339 0.331792
512 64 4 1.194437 0.464688 0.920501 0.345796
512 64 4 1.189287 0.502277 0.929056 0.352367
512 64 8 1.184816 0.333191 0.994715 0.245496
512 64 8 1.285893 0.319640 1.025532 0.239989
512 64 8 1.207395 0.339452 1.008441 0.242682
512 64 12 1.195078 0.301522 0.979494 0.222100
512 64 12 1.207409 0.322874 1.011988 0.243169
512 64 12 1.358688 0.335269 1.009384 0.245058
512 128 1 2.488413 2.658454 2.182032 2.070384
512 128 1 2.851375 2.770836 2.146286 2.022597
512 128 1 2.866239 3.150930 2.133959 2.077485
512 128 2 2.935599 1.700023 2.321133 1.412125
512 128 2 3.138141 1.689467 2.291339 1.379530
512 128 2 2.373463 1.303554 1.962629 1.199852
512 128 4 2.544984 1.210483 2.007052 0.799500
512 128 4 2.415062 0.881561 1.872549 0.693758
512 128 4 2.505356 0.898109 1.744831 0.621936
512 128 8 2.271279 0.592247 1.723516 0.441452
512 128 8 2.246625 0.611280 1.954628 0.439388
512 128 8 2.485313 0.638175 1.988492 0.489787
512 128 12 2.472227 0.671311 2.072794 0.463655
512 128 12 2.856089 0.692039 2.252631 0.684797
512 128 12 3.217642 0.567587 1.888314 0.417314
512 512 1 9.806792 11.005339 9.091117 7.340663
512 512 1 9.645740 9.877071 8.066407 7.852443
512 512 1 9.713214 9.298259 8.245574 8.440502
512 512 2 12.460689 6.188259 8.419208 5.006104
512 512 2 10.417288 6.586771 10.215999 5.519057
512 512 2 9.753400 5.592264 8.251965 5.003188
512 512 4 9.832964 3.751687 8.686321 3.497396
512 512 4 10.154754 4.139876 9.612096 3.315658
512 512 4 11.512571 4.173970 8.561573 2.867099
512 512 8 9.605697 2.556176 8.028436 1.842464
512 512 8 9.498977 2.664937 8.126801 1.895135
512 512 8 10.049572 2.541081 8.105622 1.976526
512 512 12 9.577221 2.057909 7.956706 1.725070
512 512 12 9.785737 2.352106 8.569732 1.750808
512 512 12 9.695647 2.389848 8.605768 1.724581
1024 32 1 2.452368 2.517623 2.006038 1.847663
1024 32 1 2.406124 2.419429 1.992739 2.004458
1024 32 1 2.895150 2.855113 2.389824 1.989140
1024 32 2 2.379829 1.398272 2.008491 1.293522
1024 32 2 2.415510 1.571535 2.004069 1.283423
1024 32 2 2.537663 1.407558 2.009243 1.299836
1024 32 4 2.467069 1.058177 2.089207 0.822443
1024 32 4 2.450397 0.985760 2.088951 0.853163
1024 32 4 2.545410 1.046287 2.201675 0.854363
1024 32 8 2.576519 0.769915 2.273572 0.584080
1024 32 8 2.744072 0.724122 2.176732 0.597543
1024 32 8 2.766132 0.719993 2.226541 0.527636
1024 32 12 2.614800 0.615983 2.263976 0.537679
1024 32 12 2.685929 0.591502 2.097288 0.475351
1024 32 12 2.727365 0.635208 2.118149 0.567149
1024 64 1 5.154094 5.004539 4.094834 3.793725
1024 64 1 5.265603 5.351618 4.261703 3.842345
1024 64 1 5.599951 5.442885 4.141807 3.866697
1024 64 2 5.315521 3.183511 4.170627 2.367579
1024 64 2 5.296897 3.034890 4.077378 2.522426
1024 64 2 5.501273 3.097609 4.374302 2.398492
1024 64 4 5.504689 2.032066 4.180437 1.545975
1024 64 4 5.300659 2.034780 4.127469 1.678671
1024 64 4 5.307501 1.935428 4.156862 1.593092
1024 64 8 5.004413 1.255104 3.667244 0.992620
1024 64 8 4.740928 1.310809 3.764716 0.965735
1024 64 8 4.801493 1.253836 3.853637 0.946682
1024 64 12 4.901858 1.194444 3.944593 0.935596
1024 64 12 5.054305 1.154748 3.940266 0.847311
1024 64 12 4.867541 1.186148 4.893921 1.177191
1024 128 1 12.065934 12.855378 9.537050 8.686434
1024 128 1 9.617147 9.534935 7.296090 7.269402
1024 128 1 10.776581 11.825256 8.782129 8.006051
1024 128 2 11.088791 6.322469 8.960670 4.851126
1024 128 2 10.859369 6.471739 8.882842 4.827935
1024 128 2 12.770566 6.715270 8.763394 5.057468
1024 128 4 12.461832 4.081010 9.473182 3.077586
1024 128 4 11.537833 3.859401 8.176733 2.682596
1024 128 4 10.255360 4.465749 8.269866 2.750790
1024 128 8 10.558217 2.702932 7.932117 1.751305
1024 128 8 10.034054 2.519907 7.907094 1.979631
1024 128 8 10.435084 2.482983 7.891390 1.822001
1024 128 12 10.739225 2.481476 8.412522 1.620766
1024 128 12 10.817104 2.598912 8.355805 1.740469
1024 128 12 11.037989 2.206011 8.424815 1.863220
1024 512 1 102.437713 98.794739 67.365157 66.881798
1024 512 1 192.841960 210.001682 123.753276 110.942257
1024 512 1 146.502165 141.952011 92.520664 84.423178
1024 512 2 117.960827 50.798240 86.934140 40.972052
1024 512 2 116.408316 51.619490 83.704718 39.871709
1024 512 2 127.698489 52.565795 79.871428 50.315098
1024 512 4 111.253274 31.995929 117.935918 26.662464
1024 512 4 150.327860 47.354124 127.215377 42.971365
1024 512 4 197.184820 53.334358 122.922535 42.189688
1024 512 8 181.034052 28.440289 127.203830 23.333605
1024 512 8 173.583058 29.637526 122.443140 22.280339
1024 512 8 173.752100 30.130853 123.932685 23.243577
1024 512 12 176.228021 26.877836 122.644882 20.481182
1024 512 12 178.434178 28.852183 130.290415 22.364558
1024 512 12 201.117896 30.844239 129.020475 19.330439
